proj:       1
zone:       -23
north:      7538106.63790493
south:      7503441.16205598
east:       246820.08393169
west:       214996.4254324
cols:       1126
rows:       1226
e-w resol:  28.26257416
n-s resol:  28.27526578
format:     0
compressed: 5
